Raport z portfela na dzien 24.10.2018
	Specjalistyczny Fundusz Inwestycyjny Otwarty Agro Kapitał Na Rozwój	25.10.2018 12:01:53     AVS v. 3.1.5.3
Strona 1
Akcje
Akcje (PLN, kurs:  1,000000)
Nazwa	ISIN	Ilosc	Wart. nabycia	Wart. nabycia lok	Cena(D-1)	Cena	Zmiana	Wart rynkowa	NZ/S Cena	NZ/S Kurs	NZ/S Suma	Korekta NPV	Korekta dzienna	Odsetki	Udzial w akt.
BS Program sp. zo.o.  18 SKA	DENNING 18 SKA	981,0000	55 726,69	55 726,69	52,980000	52,980000	 0.000%	51 973,38	-3 753,31	0,00	-3 753,31	0,00	0,00	0,00	0,02
BS Program sp. zo.o.  6 SKA_E	DENNING 6 SKA_E	134 688,0000	6 734 438,97	6 734 438,97	52,970000	52,970000	 0.000%	7 134 423,36	399 984,39	0,00	399 984,39	0,00	0,00	0,00	2,38
BS Program sp. zo.o. 10 SKA	DENNING 10 SKA	981,0000	55 726,69	55 726,69	52,980000	52,980000	 0.000%	51 973,38	-3 753,31	0,00	-3 753,31	0,00	0,00	0,00	0,02
BS Program sp. zo.o. 10 SKA_C_D	DENNING 10 SKA_C	140 100,0000	6 935 970,00	6 935 970,00	52,980000	52,980000	 0.000%	7 422 498,00	486 528,00	0,00	486 528,00	0,00	0,00	0,00	2,48
BS Program sp. zo.o. 10 SKA_E	DENNING 10 SKA_E	134 688,0000	6 734 438,97	6 734 438,97	52,980000	52,980000	 0.000%	7 135 770,24	401 331,27	0,00	401 331,27	0,00	0,00	0,00	2,38
BS Program sp. zo.o. 16 SKA_E	DENNING 16 SKA_E	134 688,0000	6 734 438,97	6 734 438,97	52,970000	52,970000	 0.000%	7 134 423,36	399 984,39	0,00	399 984,39	0,00	0,00	0,00	2,38
BS Program sp. zo.o. 18 SKA_C_D	DENNING 18 SKA_C	258 739,0000	12 808 330,50	12 808 330,50	52,980000	52,980000	 0.000%	13 707 992,22	899 661,72	0,00	899 661,72	0,00	0,00	0,00	4,58
BS Program sp. zo.o. 18 SKA_E	DENNING 18 SKA_E	134 688,0000	6 734 438,97	6 734 438,97	52,980000	52,980000	 0.000%	7 135 770,24	401 331,27	0,00	401 331,27	0,00	0,00	0,00	2,38
BS Program sp. zo.o. 19 SKA	DENNING 19 SKA	981,0000	55 726,69	55 726,69	52,980000	52,980000	 0.000%	51 973,38	-3 753,31	0,00	-3 753,31	0,00	0,00	0,00	0,02
BS Program sp. zo.o. 19 SKA_C_D	DENNING 19 SKA_C	145 700,0000	7 114 950,00	7 114 950,00	52,980000	52,980000	 0.000%	7 719 186,00	604 236,00	0,00	604 236,00	0,00	0,00	0,00	2,58
BS Program sp. zo.o. 19 SKA_E	DENNING 19 SKA_E	135 688,0000	6 782 436,06	6 782 436,06	52,980000	52,980000	 0.000%	7 188 750,24	406 314,18	0,00	406 314,18	0,00	0,00	0,00	2,40
BS Program sp. zo.o. 8 SKA_E	DENNING 8 SKA_E	134 688,0000	6 734 438,97	6 734 438,97	52,970000	52,970000	 0.000%	7 134 423,36	399 984,39	0,00	399 984,39	0,00	0,00	0,00	2,38
BS Program sp. zo.o. 9 SKA	DENNING 9 SKA	981,0000	55 726,69	55 726,69	52,980000	52,980000	 0.000%	51 973,38	-3 753,31	0,00	-3 753,31	0,00	0,00	0,00	0,02
BS Program sp. zo.o. 9 SKA_C_D	DENNING 9 SKA_C_	253 414,0000	12 670 700,00	12 670 700,00	52,980000	52,980000	 0.000%	13 425 873,72	755 173,72	0,00	755 173,72	0,00	0,00	0,00	4,48
BS Program sp. zo.o. 9 SKA_E	DENNING 9 SKA_E	138 688,0000	6 926 941,88	6 926 941,88	52,980000	52,980000	 0.000%	7 347 690,24	420 748,36	0,00	420 748,36	0,00	0,00	0,00	2,45
BS Rozwój sp. zo.o.  6 SKA	DENNING 6 SKA	981,0000	55 726,69	55 726,69	52,970000	52,970000	 0.000%	51 963,57	-3 763,12	0,00	-3 763,12	0,00	0,00	0,00	0,02
BS Rozwój sp. zo.o.  6 SKA_C_D	DENNING 6 SKA_C_	258 740,0000	12 937 000,00	12 937 000,00	52,970000	52,970000	 0.000%	13 705 457,80	768 457,80	0,00	768 457,80	0,00	0,00	0,00	4,58
BS Rozwój sp. zo.o. 16 SKA	DENNING 16 SKA	981,0000	55 726,69	55 726,69	52,970000	52,970000	 0.000%	51 963,57	-3 763,12	0,00	-3 763,12	0,00	0,00	0,00	0,02
BS Rozwój sp. zo.o. 16 SKA_C_D	DENNING 16 SKA_C	200 445,0000	9 922 777,50	9 922 777,50	52,970000	52,970000	 0.000%	10 617 571,65	694 794,15	0,00	694 794,15	0,00	0,00	0,00	3,55
BS Rozwój sp. zo.o. 8 SKA	DENNING  8 SKA	981,0000	55 726,69	55 726,69	52,970000	52,970000	 0.000%	51 963,57	-3 763,12	0,00	-3 763,12	0,00	0,00	0,00	0,02
BS Rozwój sp. zo.o. 8 SKA_C_D	DENNING 8 SKA_C_	258 740,0000	12 937 000,00	12 937 000,00	52,970000	52,970000	 0.000%	13 705 457,80	768 457,80	0,00	768 457,80	0,00	0,00	0,00	4,58
Centrum Finansowe Banku BPS S.A.	PLCFBPS00019	1 064 007,0000	5 320 140,77	5 320 140,77	2,195000	2,195000	 0.000%	2 335 495,37	-2 984 645,40	0,00	-2 984 645,40	0,00	0,00	0,00	0,78
INVEST1_BSKAPITALSKA	INVEST1_BSKAPITA	850 000,0000	850 000,00	850 000,00	1,140000	1,140000	 0.000%	969 000,00	119 000,00	0,00	119 000,00	0,00	0,00	0,00	0,32
INVEST1_SKA_C	INVEST1_SKA_C	8 000 000,0000	8 000 000,00	8 000 000,00	1,140000	1,140000	 0.000%	9 120 000,00	1 120 000,00	0,00	1 120 000,00	0,00	0,00	0,00	3,05
INVEST3_BSKAPITALSKA	INVEST3_BSKAPITA	50 000,0000	50 000,00	50 000,00	1,300000	1,300000	 0.000%	65 000,00	15 000,00	0,00	15 000,00	0,00	0,00	0,00	0,02
INVEST3_BSKAPITALSKA_B	INVEST3_BSKAPITS	7 500 000,0000	7 500 000,00	7 500 000,00	1,300000	1,300000	 0.000%	9 750 000,00	2 250 000,00	0,00	2 250 000,00	0,00	0,00	0,00	3,26
IT Card Centrum Technologii Płatniczych	IT CARD CTP_SA	889 936 586,0000	24 803 412,44	24 803 412,44	0,049400	0,049400	 0.000%	43 962 867,35	19 159 454,91	0,00	19 159 454,91	0,00	0,00	0,00	14,68
Suma:	PLN	909 871 154,0000	169 621 940,83	169 621 940,83	0,00	0,00		197 081 435,18	27 459 494,35	0,00	27 459 494,35	0,00	0,00	0,00	65,81
Suma:	Akcje	909 871 154,0000	169 621 940,83	169 621 940,83	                           0,00	0,00		197 081 435,18	27 459 494,35	0,00	27 459 494,35	0,00	0,00	0,00	65,81
Obligacje
Obligacje (PLN, kurs:  1,000000)
Nazwa	ISIN	Ilosc	Wart. nabycia	Wart. nabycia lok	Cena(D-1)	Cena	Zmiana	Wart rynkowa	NZ/S Cena	NZ/S Kurs	NZ/S Suma	Korekta NPV	Korekta dzienna	Odsetki	Udzial w akt.
Bank Spółdzielczy w Lubaczowie	BSLUB1127	11,0000	5 511 239,41	5 511 239,41	0,000000	500 936,341818		5 510 299,76	0,00	0,00	0,00	-939,65	16,36	106 600,56	1,84
Bankowe Papiery Wartościowe SGB-Banku se	BPW_SGB_1121	9 000,0000	8 961 152,00	8 961 152,00	0,000000	997,734516		8 979 610,64	0,00	0,00	0,00	18 458,64	191,93	164 970,00	3,00
BBSD1225	BBSD1225	300,0000	300 211,07	300 211,07	0,000000	1 008,801767		302 640,53	2 815,67	0,00	2 815,67	-386,21	-6,21	4 833,00	0,10
BBSD1225	PLBBSDR00012	2 860,0000	2 862 012,19	2 862 012,19	0,000000	1 008,797248		2 885 160,13	26 587,81	0,00	26 587,81	-3 439,87	-59,15	46 074,60	0,96
BRB0425	PLBSBR000023	3 549,0000	3 550 777,74	3 550 777,74	952,500000	957,500000	 0.525%	3 398 167,50	-154 336,83	0,00	-154 336,83	1 726,59	0,00	7 701,33	1,13
BSC1124	PLPBSC000040	500,0000	500 000,00	500 000,00	0,000000	991,386780		495 693,39	-4 994,92	0,00	-4 994,92	688,31	18,35	9 885,00	0,17
BSD0725	BSD0725	1 000,0000	1 000 704,43	1 000 704,43	0,000000	1 000,376180		1 000 376,18	0,00	0,00	0,00	-328,25	-4,27	13 360,00	0,33
BSK0725	BSK0725	2 000,0000	2 001 414,90	2 001 414,90	0,000000	1 000,396955		2 000 793,91	0,00	0,00	0,00	-620,99	-8,64	26 720,00	0,67
BSK1225	BSK1225	2 500,0000	2 501 758,91	2 501 758,91	0,000000	1 000,392172		2 500 980,43	0,00	0,00	0,00	-778,48	-4,02	40 275,00	0,84
BSKR1220	BSKR1220	2 000,0000	2 001 409,32	2 001 409,32	0,000000	1 000,165175		2 000 330,35	0,00	0,00	0,00	-1 078,97	14,10	30 900,00	0,67
BSN1225	BSN1225	2 600,0000	2 601 832,12	2 601 832,12	0,000000	1 000,405435		2 601 054,13	0,00	0,00	0,00	-777,99	20,23	40 170,00	0,87
BSS1225	BSS1225	1 900,0000	1 901 338,86	1 901 338,86	0,000000	1 000,405432		1 900 770,32	0,00	0,00	0,00	-568,54	14,77	29 355,00	0,63
BSW0725	BSW0725	1 200,0000	1 200 845,32	1 200 845,32	0,000000	1 000,376175		1 200 451,41	0,00	0,00	0,00	-393,91	-5,13	16 032,00	0,40
BSW1225	BSW1225	5 000,0000	4 499 705,77	4 499 705,77	0,000000	926,029346		4 630 146,73	0,00	0,00	0,00	130 440,96	783,89	87 750,00	1,55
DS1019	PL0000105441	253,0000	285 257,50	285 257,50	10 416,000000	1 041,600000	-90.000%	263 524,80	-21 732,70	0,00	-21 732,70	0,00	0,00	13 877,05	0,09
DS1020	PL0000106126	250,0000	286 125,00	286 125,00	10 726,000000	1 072,800000	-89.998%	268 200,00	-17 925,00	0,00	-17 925,00	0,00	0,00	13 090,00	0,09
DS1021	PL0000106670	242,0000	287 133,00	287 133,00	1 112,200000	1 112,000000	-0.018%	269 104,00	-18 029,00	0,00	-18 029,00	0,00	0,00	13 876,28	0,09
ESB0725	PLESBSR00014	1 055,0000	1 054 897,90	1 054 897,90	989,950000	989,950000	 0.000%	1 044 397,25	-11 192,06	0,00	-11 192,06	691,41	0,00	13 820,50	0,35
ESB1126	ESB1126	650,0000	650 000,00	650 000,00	0,000000	1 000,058338		650 037,92	0,00	0,00	0,00	37,92	1,76	12 512,50	0,22
GBSN0724	GBSN0724	2 000,0000	2 000 000,00	2 000 000,00	0,000000	999,920305		1 999 840,61	0,00	0,00	0,00	-159,39	14,92	23 080,00	0,67
Invest 3 BS Kapitał seria A	INVEST3_BSK_A	4 000,0000	2 883 000,00	2 883 000,00	0,000000	881,975243		3 527 900,97	0,00	0,00	0,00	644 900,97	3 938,74	0,00	1,18
ITCARD0321_E	ITCARD0321_E	10 500,0000	10 500 000,00	10 500 000,00	0,000000	999,996983		10 499 968,32	0,00	0,00	0,00	-31,68	25,47	32 550,00	3,51
ITCARD0322_A	ITCARD0322	2 000,0000	2 001 202,07	2 001 202,07	0,000000	1 000,450790		2 000 901,58	0,00	0,00	0,00	-300,49	-9,74	6 860,00	0,67
KDBS0725	KDBS0725	3 000,0000	3 002 108,46	3 002 108,46	0,000000	1 000,358580		3 001 075,74	0,00	0,00	0,00	-1 032,72	-12,68	40 080,00	1,00
KDBS1225	KDBS1225	2 000,0000	2 001 409,32	2 001 409,32	0,000000	1 000,405455		2 000 810,91	0,00	0,00	0,00	-598,41	15,56	30 900,00	0,67
PBS0225	PLPBS0000057	20 000,0000	1 984 598,29	1 984 598,29	0,000000	99,335178		1 986 703,56	0,00	0,00	0,00	2 105,27	33,59	19 600,00	0,66
PBSS1220	BPSS1220	3 000,0000	3 002 113,99	3 002 113,99	0,000000	1 000,165180		3 000 495,54	0,00	0,00	0,00	-1 618,45	21,16	46 350,00	1,00
PS0420	PL0000108510	292,0000	285 722,00	285 722,00	1 000,800000	1 000,900000	 0.010%	292 262,80	6 540,80	0,00	6 540,80	0,00	0,00	2 184,16	0,10
PS0421	PL0000108916	287,0000	283 125,50	283 125,50	10 060,000000	1 006,800000	-89.992%	288 951,60	5 826,10	0,00	5 826,10	0,00	0,00	2 861,39	0,10
SBR0325	PLSBRS000016	164,0000	164 116,83	164 116,83	960,750000	960,750000	 0.000%	157 563,00	-7 229,43	0,00	-7 229,43	675,60	0,00	998,76	0,05
SBR0725	PLSBRS000024	1 213,0000	1 213 883,08	1 213 883,08	939,500000	939,500000	 0.000%	1 139 613,50	-75 082,65	0,00	-75 082,65	813,07	0,00	17 552,11	0,38
SGB0725	GBW0725	11 130,0000	10 532 006,59	10 532 006,59	0,000000	961,988944		10 706 936,95	0,00	0,00	0,00	174 930,36	920,35	148 696,80	3,58
SGB1225	GBW1225	11 800,0000	11 658 835,00	11 658 835,00	0,000000	991,243783		11 696 676,64	0,00	0,00	0,00	37 841,64	318,38	182 310,00	3,91
WZ0119	PL0000107603	657,0000	658 642,50	658 642,50	1 001,500000	1 001,500000	 0.000%	657 985,50	-657,00	0,00	-657,00	0,00	0,00	2 890,80	0,22
Suma:	PLN	108 913,0000	94 128 579,07	94 128 579,07	0,00	0,00		94 859 426,60	-269 409,21	0,00	-269 409,21	1 000 256,74	6 239,72	1 248 716,84	31,68
Suma:	Obligacje	108 913,0000	94 128 579,07	94 128 579,07	                           0,00	0,00		94 859 426,60	-269 409,21	0,00	-269 409,21	1 000 256,74	6 239,72	1 248 716,84	31,68
Udzialy w sp. z o.o.
Udzialy w sp. z o.o. (PLN, kurs:  1,000000)
Nazwa	ISIN	Ilosc	Wart. nabycia	Wart. nabycia lok	Cena(D-1)	Cena	Zmiana	Wart rynkowa	NZ/S Cena	NZ/S Kurs	NZ/S Suma	Korekta NPV	Korekta dzienna	Odsetki	Udzial w akt.
BS KAPITAŁ SP. Z O.O	BS KAPITAŁ SP. Z	100,0000	5 000,00	5 000,00	129,190000	129,190000	 0.000%	12 919,00	7 919,00	0,00	7 919,00	0,00	0,00	0,00	0,00
FABRYKA SAMOCHODÓW LUBARTÓW SP. Z O.O	FS LUBARTÓW SP.Z	1 000,0000	50 000,00	50 000,00	76,190000	76,190000	 0.000%	76 190,00	26 190,00	0,00	26 190,00	0,00	0,00	0,00	0,03
Użytkownik: Dmochowski Marcin
	Specjalistyczny Fundusz Inwestycyjny Otwarty Agro Kapitał Na Rozwój	25.10.2018 12:01:53     AVS v. 3.1.5.3
Strona 2
Nazwa															
Suma:	PLN	1 100,0000	55 000,00	55 000,00	0,00	0,00		89 109,00	34 109,00	0,00	34 109,00	0,00	0,00	0,00	0,03
Suma:	Udzialy w sp. z o.o.	1 100,0000	55 000,00	55 000,00	                           0,00	0,00		89 109,00	34 109,00	0,00	34 109,00	0,00	0,00	0,00	0,03
Wierzytelnosci
Wierzytelnosci (PLN, kurs:  1,000000)
Nazwa	ISIN	Ilosc	Wart. nabycia	Wart. nabycia lok	Cena(D-1)	Cena	Zmiana	Wart rynkowa	NZ/S Cena	NZ/S Kurs	NZ/S Suma	Korekta NPV	Korekta dzienna	Odsetki	Udzial w akt.
Pożyczka ITCARD_3105	ITCARD_POŻ_3105	1,0000	2 000 000,00	2 000 000,00	0,000000	1 999 952,180000		1 999 952,18	0,00	0,00	0,00	-47,82	-10,42	7 123,29	0,67
Suma:	PLN	1,0000	2 000 000,00	2 000 000,00	0,00	0,00		1 999 952,18	0,00	0,00	0,00	-47,82	-10,42	7 123,29	0,67
Suma:	Wierzytelnosci	1,0000	2 000 000,00	2 000 000,00	                           0,00	0,00		1 999 952,18	0,00	0,00	0,00	-47,82	-10,42	7 123,29	0,67
 
 
Waluty
 
 
Waluta	Nazwa waluty	Saldo	Saldo lok	kurs	N Z/S	Wartość bieżąca	Udzial w aktywach
PLN	polski złoty	0,00	0,00	1,000000	0,00	0,00	0,00
	Numer rachunku	Nazwa rachunku	Bank	Identyfikator	Saldo	Saldo lok	Wartość bieżąca	Odsetki	Data od	Data do	Oprocentowanie
	46114019770000593095001001	R-k podstawowy	BRE BANK SA		2 629 633,02	2 629 633,02	2 629 633,02	475,48	18.10.2018	25.10.2018	1,100000
	Numer rachunku	Nazwa rachunku	Bank	Identyfikator	Saldo	Saldo lok	Wartość bieżąca	Odsetki	Data od	Data do	Oprocentowanie
	46114019770000593095001001	R-k podstawowy	BRE BANK SA		1 537 223,69	1 537 223,69	1 537 223,69	848,70	10.10.2018	14.11.2018	1,440000
			Suma		4 166 856,71	4 166 856,71	4 166 856,71	1 324,18
Użytkownik: Dmochowski Marcin
